100	0.001352399477243798
110	0.0017441763744171464
120	0.0015194868555519294
130	0.0013384443312448111
140	0.0015868195155946498
150	0.0014224497968084809
160	0.001605175360719158
170	0.001458116096184727
180	0.0018645571121443064
190	0.001711429580572506
200	0.0015777993901177647
210	0.001460385591366311
220	0.0015503789994819077
230	0.0014449071162275563
240	0.0015194868555519292
250	0.001582541134347766
260	0.0017845924416597483
270	0.0015408923298018626
280	0.0017190544752275373
290	0.0015009725764408056
300	0.0014224497968084806
310	0.0014629466603220803
320	0.0014981636700045473
330	0.0016306840766336808
340	0.0018469470551673208
350	0.001671167786310427
360	0.001686980244321039
370	0.0017853191680303976
380	0.0016299329338785769
390	0.0017206099964130442
400	0.0016529326944090864
410	0.001589491630358372
420	0.001669012104418641
430	0.0016749091678424479
440	0.0016795772494387334
450	0.0016208058935449536
460	0.0017459294321082969
470	0.0016292327379595246
480	0.0015194868555519292
490	0.0016340349762106853
500	0.0016352925054926918
510	0.001584763633548405
520	0.001635876404854769
530	0.001683421809706995
540	0.001680973450692941
550	0.0014967243998387544
560	0.001630897835472279
570	0.00154292280399201
580	0.0016260536244775393
590	0.0015825887476381055
600	0.0015804997742316453
610	0.001616612564140233
620	0.0016129924716371652
630	0.0016091735255396816
640	0.0016765164878622316
650	0.0017054299750210301
660	0.0015967114917038122
670	0.0017581393048022398
680	0.0017173367355064562
690	0.0017097176921666438
700	0.0017640104411054507
710	0.0017853133357888127
720	0.0017461725335954613
730	0.0017084121479670586
740	0.0017003039695527597
750	0.0017477377213727283
760	0.001820091776164411
770	0.001756161198739266
780	0.0016945401479825433
790	0.0017628640039555404
800	0.0017280659987004084
810	0.0016452621772351246
820	0.0016135748368789533
830	0.0016537456960350298
840	0.0017385542754360843
850	0.001615247965001654
860	0.0016525770456045485
870	0.0016664251319262256
880	0.0016149781244603205
890	0.001713217328046553
900	0.0017662628327092442
Ignoring ratios before cross over point: 10
Sorted ratios are: 0.0013384443312448111, 0.001352399477243798, 0.0014224497968084806, 0.0014224497968084809, 0.0014449071162275563, 0.001458116096184727, 0.001460385591366311, 0.0014629466603220803, 0.0014967243998387544, 0.0014981636700045473, 0.0015009725764408056, 0.0015194868555519292, 0.0015194868555519292, 0.0015194868555519294, 0.0015408923298018626, 0.00154292280399201, 0.0015503789994819077, 0.0015777993901177647, 0.0015804997742316453, 0.001582541134347766, 0.0015825887476381055, 0.001584763633548405, 0.0015868195155946498, 0.001589491630358372, 0.0015967114917038122, 0.001605175360719158, 0.0016091735255396816, 0.0016129924716371652, 0.0016135748368789533, 0.0016149781244603205, 0.001615247965001654, 0.001616612564140233, 0.0016208058935449536, 0.0016260536244775393, 0.0016292327379595246, 0.0016299329338785769, 0.0016306840766336808, 0.001630897835472279, 0.0016340349762106853, 0.0016352925054926918, 0.001635876404854769, 0.0016452621772351246, 0.0016525770456045485, 0.0016529326944090864, 0.0016537456960350298, 0.0016664251319262256, 0.001669012104418641, 0.001671167786310427, 0.0016749091678424479, 0.0016765164878622316, 0.0016795772494387334, 0.001680973450692941, 0.001683421809706995, 0.001686980244321039, 0.0016945401479825433, 0.0017003039695527597, 0.0017054299750210301, 0.0017084121479670586, 0.0017097176921666438, 0.001711429580572506, 0.001713217328046553, 0.0017173367355064562, 0.0017190544752275373, 0.0017206099964130442, 0.0017280659987004084, 0.0017385542754360843, 0.0017441763744171464, 0.0017459294321082969, 0.0017461725335954613, 0.0017477377213727283, 0.001756161198739266, 0.0017581393048022398, 0.0017628640039555404, 0.0017640104411054507, 0.0017662628327092442, 0.0017845924416597483, 0.0017853133357888127, 0.0017853191680303976, 0.001820091776164411, 0.0018469470551673208, 0.0018645571121443064, 
Maximum ratio is: 0.0018645571121443064
Average ratio is: 0.0016374178205805039