10	3	1
20	1	3
30	1	1
40	2	1
50	2	2
60	2	2
70	3	3
80	4	2
90	4	3
100	4	4
110	5	3
120	6	4
130	7	4
140	9	4
150	10	4
160	11	7
170	11	7
180	13	8
190	14	9
200	17	8
210	18	8
220	16	8
230	21	9
240	22	11
250	25	11
260	25	11
270	26	13
280	30	12
290	31	14
300	35	14
310	33	16
320	39	16
330	41	18
340	43	21
350	46	22
360	47	20
370	50	22
380	52	25
390	56	22
400	58	23
410	62	24
420	62	26
430	68	24
440	69	27
450	74	25
460	71	28
470	72	27
480	81	27
490	82	29
500	83	29
510	87	33
520	91	32
530	94	32
540	102	34
550	104	35
560	116	39
570	119	39
580	123	42
590	125	42
600	133	43
610	136	42
620	130	42
630	134	43
640	138	45
650	140	47
660	149	50
670	149	55
680	154	51
690	163	52
700	166	56
710	169	57
720	179	55
730	178	59
740	182	59
750	192	58
760	200	59
770	202	62
780	205	63
790	209	64
800	217	70
810	226	66
820	224	69
830	274	76
840	267	79
850	271	72
860	253	72
870	260	71
880	283	103
890	292	81
900	308	75
