100	0.004057198431731394
110	0.002906960624028577
120	0.002025982474069239
130	0.0017845924416597483
140	0.0023802292733919746
150	0.0024892871444148414
160	0.0019262104328629896
170	0.0023329857538955633
180	0.0023972877156141085
190	0.002444899400817866
200	0.0020285992158656976
210	0.0020862651305233013
220	0.002131771124287623
230	0.002347974063869779
240	0.002194814346908342
250	0.0018990493612173194
260	0.0020820245152697063
270	0.0021012168133661764
280	0.0021157593541261998
290	0.0017511346725142731
300	0.0015409872798758542
310	0.0015754810188083944
320	0.0017121870514337685
330	0.0019364373410024958
340	0.0019441547949129695
350	0.0017640104411054509
360	0.0018645571121443062
370	0.0017853191680303976
380	0.0017929262272664346
390	0.00195523863228755
400	0.0018783326072830528
410	0.0018062404890436044
420	0.0018080964464535277
430	0.0019428946346972396
440	0.0016795772494387334
450	0.0017454832699714885
460	0.0016857249689321487
470	0.0018619802719537426
480	0.0016883187283910325
490	0.0016885028087510415
500	0.0017407952477825428
510	0.001789249263683683
520	0.001635876404854769
530	0.0015872262777237383
540	0.0018210545715840194
550	0.0017235008240567473
560	0.0017190544752275373
570	0.001800076604657345
580	0.0016677473071564507
590	0.001744905542267655
600	0.001778062246010601
610	0.0017320848901502496
620	0.0018005497357810216
630	0.001755462027861471
640	0.001819198742148379
650	0.0018794534418599108
660	0.0018005470012830223
670	0.00172496686508899
680	0.0017821418953368885
690	0.0017413791309104705
700	0.002073485957088863
710	0.0018155728838530297
720	0.0018053648228698836
730	0.0018821489765738781
740	0.0017569807685378516
750	0.0017199958527795106
760	0.0017657606783684583
770	0.001756161198739266
780	0.001720609996413044
790	0.0017628640039555404
800	0.0017531104334641823
810	0.0018171552405283466
820	0.0017339908694818601
830	0.0017009955730646021
840	0.001669012104418641
850	0.0017972477357060658
860	0.0017195734123182465
870	0.0017979850107625065
880	0.0018518415827145007
890	0.0018189714840988094
900	0.0018286015209225117
Ignoring ratios before cross over point: 10
Sorted ratios are: 0.0015409872798758542, 0.0015754810188083944, 0.0015872262777237383, 0.001635876404854769, 0.0016677473071564507, 0.001669012104418641, 0.0016795772494387334, 0.0016857249689321487, 0.0016883187283910325, 0.0016885028087510415, 0.0017009955730646021, 0.0017121870514337685, 0.0017190544752275373, 0.0017195734123182465, 0.0017199958527795106, 0.001720609996413044, 0.0017235008240567473, 0.00172496686508899, 0.0017320848901502496, 0.0017339908694818601, 0.0017407952477825428, 0.0017413791309104705, 0.001744905542267655, 0.0017454832699714885, 0.0017511346725142731, 0.0017531104334641823, 0.001755462027861471, 0.001756161198739266, 0.0017569807685378516, 0.0017628640039555404, 0.0017640104411054509, 0.0017657606783684583, 0.001778062246010601, 0.0017821418953368885, 0.0017845924416597483, 0.0017853191680303976, 0.001789249263683683, 0.0017929262272664346, 0.0017972477357060658, 0.0017979850107625065, 0.001800076604657345, 0.0018005470012830223, 0.0018005497357810216, 0.0018053648228698836, 0.0018062404890436044, 0.0018080964464535277, 0.0018155728838530297, 0.0018171552405283466, 0.0018189714840988094, 0.001819198742148379, 0.0018210545715840194, 0.0018286015209225117, 0.0018518415827145007, 0.0018619802719537426, 0.0018645571121443062, 0.0018783326072830528, 0.0018794534418599108, 0.0018821489765738781, 0.0018990493612173194, 0.0019262104328629896, 0.0019364373410024958, 0.0019428946346972396, 0.0019441547949129695, 0.00195523863228755, 0.002025982474069239, 0.0020285992158656976, 0.002073485957088863, 0.0020820245152697063, 0.0020862651305233013, 0.0021012168133661764, 0.0021157593541261998, 0.002131771124287623, 0.002194814346908342, 0.0023329857538955633, 0.002347974063869779, 0.0023802292733919746, 0.0023972877156141085, 0.002444899400817866, 0.0024892871444148414, 0.002906960624028577, 0.004057198431731394, 
Maximum ratio is: 0.004057198431731394
Average ratio is: 0.0018979192028926299