10	4	1
20	1	3
30	2	1
40	2	1
50	2	2
60	3	2
70	4	2
80	4	3
90	4	5
100	7	4
110	6	4
120	6	4
130	8	5
140	10	6
150	11	6
160	13	10
170	14	7
180	14	8
190	13	8
200	15	8
210	16	9
220	17	9
230	20	9
240	23	10
250	22	10
260	25	11
270	27	12
280	33	13
290	30	13
300	36	14
310	34	15
320	40	16
330	40	18
340	42	20
350	44	21
360	47	21
370	56	21
380	54	23
390	56	25
400	58	23
410	56	24
420	60	23
430	68	25
440	68	26
450	69	26
460	72	27
470	77	29
480	82	27
490	84	31
500	86	31
510	89	32
520	94	32
530	104	37
540	109	37
550	112	38
560	118	38
570	123	42
580	123	41
590	131	41
600	125	40
610	129	40
620	131	41
630	139	44
640	142	47
650	143	47
660	151	49
670	154	51
680	157	54
690	163	57
700	169	56
710	172	56
720	176	62
730	183	59
740	190	58
750	190	63
760	198	62
770	200	65
780	208	63
790	208	67
800	218	66
810	223	70
820	231	68
830	235	72
840	238	73
850	244	74
860	251	74
870	258	75
880	259	73
890	268	78
900	270	78
